0;0.712799
1;0.708624
2;0.702281
3;0.696657
4;0.691671
5;0.687249
6;0.683327
7;0.679849
8;0.676764
9;0.674026
10;0.671597
11;0.66944
12;0.667526
13;0.665827
14;0.664317
15;0.662976
16;0.661784
17;0.660725
18;0.659783
19;0.658946
20;0.658201
21;0.657538
22;0.656948
23;0.656422
24;0.655954
25;0.655537
26;0.655165
27;0.654833
28;0.654537
29;0.654273
30;0.654037
31;0.653827
32;0.653638
33;0.65347
34;0.653319
35;0.653185
36;0.653064
37;0.652956
38;0.652859
39;0.652772
40;0.652693
41;0.652623
42;0.65256
43;0.652503
44;0.652452
45;0.652406
46;0.652365
47;0.652327
48;0.652294
49;0.652263
50;0.652236
51;0.652211
52;0.652188
53;0.652167
54;0.652149
55;0.652132
56;0.652117
57;0.652103
58;0.65209
59;0.652078
60;0.652068
61;0.652058
62;0.652049
63;0.652041
64;0.652034
65;0.652027
66;0.652021
67;0.652015
68;0.65201
69;0.652005
70;0.652001
71;0.651997
72;0.651993
73;0.651989
74;0.651986
75;0.651983
76;0.651981
77;0.651978
78;0.651976
79;0.651973
80;0.651971
81;0.65197
82;0.651968
83;0.651966
84;0.651965
85;0.651963
86;0.651962
87;0.651961
88;0.65196
89;0.651959
90;0.651958
91;0.651957
92;0.651956
93;0.651955
94;0.651954
95;0.651954
96;0.651953
97;0.651952
98;0.651952
99;0.651951
100;0.651951
101;0.65195
102;0.65195
103;0.651949
104;0.651949
105;0.651949
106;0.651948
107;0.651948
108;0.651948
109;0.651947
110;0.651947
111;0.651947
112;0.651947
113;0.651947
114;0.651946
115;0.651946
116;0.651946
117;0.651946
118;0.651946
119;0.651945
120;0.651945
121;0.651945
122;0.651945
123;0.651945
124;0.651945
125;0.651945
126;0.651945
127;0.651945
128;0.651944
129;0.651944
130;0.651944
131;0.651944
132;0.651944
133;0.651944
134;0.651944
135;0.651944
136;0.651944
137;0.651944
138;0.651944
139;0.651944
140;0.651944
141;0.651944
142;0.651944
143;0.651944
144;0.651944
145;0.651944
146;0.651944
147;0.651943
148;0.651943
149;0.651943
150;0.651943
151;0.651943
152;0.651943
153;0.651943
154;0.651943
155;0.651943
156;0.651943
157;0.651943
158;0.651943
159;0.651943
160;0.651943
161;0.651943
162;0.651943
163;0.651943
164;0.651943
165;0.651943
166;0.651943
167;0.651943
168;0.651943
169;0.651943
170;0.651943
171;0.651943
172;0.651943
173;0.651943
174;0.651943
175;0.651943
176;0.651943
177;0.651943
178;0.651943
179;0.651943
180;0.651943
181;0.651943
182;0.651943
183;0.651943
184;0.651943
185;0.651943
186;0.651943
187;0.651943
188;0.651943
189;0.651943
190;0.651943
191;0.651943
192;0.651943
193;0.651943
194;0.651943
195;0.651943
196;0.651943
197;0.651943
198;0.651943
199;0.651943
200;0.651943
201;0.651943
202;0.651943
203;0.651943
204;0.651943
205;0.651943
206;0.651943
207;0.651943
208;0.651943
209;0.651943
210;0.651943
211;0.651943
212;0.651943
213;0.651943
214;0.651943
215;0.651943
216;0.651943
217;0.651943
218;0.651943
219;0.651943
220;0.651943
221;0.651943
222;0.651943
223;0.651943
224;0.651943
225;0.651943
226;0.651943
227;0.651943
228;0.651943
229;0.651943
230;0.651943
231;0.651943
232;0.651943
233;0.651943
234;0.651943
235;0.651943
236;0.651943
237;0.651943
238;0.651943
239;0.651943
240;0.651943
241;0.651943
242;0.651943
243;0.651943
244;0.651943
245;0.651943
246;0.651943
247;0.651943
248;0.651943
249;0.651943
250;0.651943
251;0.651943
252;0.651943
253;0.651943
254;0.651943
255;0.651943
256;0.651943
257;0.651943
258;0.651943
259;0.651943
260;0.651943
261;0.651943
262;0.651943
263;0.651943
264;0.651943
265;0.651943
266;0.651943
267;0.651943
268;0.651943
269;0.651943
270;0.651943
271;0.651943
272;0.651943
273;0.651943
274;0.651943
275;0.651943
276;0.651943
277;0.651943
278;0.651943
279;0.651943
280;0.651943
281;0.651943
282;0.651943
283;0.651943
284;0.651943
285;0.651943
286;0.651943
287;0.651943
288;0.651943
289;0.651943
290;0.651943
291;0.651943
292;0.651943
293;0.651943
294;0.651943
295;0.651943
296;0.651943
297;0.651943
298;0.651943
299;0.651943
300;0.651943
301;0.651943
302;0.651943
303;0.651943
304;0.651943
305;0.651943
306;0.651943
307;0.651943
308;0.651943
309;0.651943
310;0.651943
311;0.651943
312;0.651943
313;0.651943
314;0.651943
315;0.651943
316;0.651943
317;0.651943
318;0.651943
319;0.651943
320;0.651943
321;0.651943
322;0.651943
323;0.651943
324;0.651943
325;0.651943
326;0.651943
327;0.651943
328;0.651943
329;0.651943
330;0.651943
331;0.651943
332;0.651943
333;0.651943
334;0.651943
335;0.651943
336;0.651943
337;0.651943
338;0.651943
339;0.651943
340;0.651943
341;0.651943
342;0.651943
343;0.651943
344;0.651943
345;0.651943
346;0.651943
347;0.651943
348;0.651943
349;0.651943
350;0.651943
351;0.651943
352;0.651943
353;0.651943
354;0.651943
355;0.651943
356;0.651943
357;0.651943
358;0.651943
359;0.651943
360;0.651943
361;0.651943
362;0.651943
363;0.651943
364;0.651943
365;0.651943
366;0.651943
367;0.651943
368;0.651943
369;0.651943
370;0.651943
371;0.651943
372;0.651943
373;0.651943
374;0.651943
375;0.651943
376;0.651943
377;0.651943
378;0.651943
379;0.651943
380;0.651943
381;0.651943
382;0.651943
383;0.651943
384;0.651943
385;0.651943
386;0.651943
387;0.651943
388;0.651943
389;0.651943
390;0.651943
391;0.651943
392;0.651943
393;0.651943
394;0.651943
395;0.651943
396;0.651943
397;0.651943
398;0.651943
399;0.651943
400;0.651943
401;0.651943
402;0.651943
403;0.651943
404;0.651943
405;0.651943
406;0.651943
407;0.651943
408;0.651943
409;0.651943
410;0.651943
411;0.651943
412;0.651943
413;0.651943
414;0.651943
415;0.651943
416;0.651943
417;0.651943
418;0.651943
419;0.651943
420;0.651943
421;0.651943
422;0.651943
423;0.651943
